Sref = 1.372250 
Cref = 0.354250 
Bref = 4.000000 
X_cg = 0.080000 
Y_cg = 0.000000 
Z_cg = 0.000000 
Mach = 0.000000 
AoA = -5.000000, -4.500000, -4.000000, -3.500000, -3.000000, -2.500000, -2.000000, -1.500000, -1.000000, -0.500000, 0.000000, 0.500000, 1.000000, 1.500000, 2.000000, 2.500000, 3.000000, 3.500000, 4.000000, 4.500000, 5.000000, 5.500000, 6.000000, 6.500000, 7.000000, 7.500000, 8.000000, 8.500000, 9.000000, 9.500000, 10.000000 
Beta = 0.000000 
Vinf = 100.000000 
Rho = 0.002377 
ReCref = 10000000.000000 
ClMax = -1.000000 
MaxTurningAngle = -1.000000 
Symmetry = NO 
FarDist = -1.000000 
NumWakeNodes = 64 
WakeIters = 10 
NumberOfControlGroups = 0 
Preconditioner = Matrix 
Karman-Tsien Correction = N 
Stability Type = 0 
